Subset1 (4177, 4178, 4180, 4199, 4201) - Epipolar lines to 4177
Index | X | Y | Z
1 150 130 0
2 145 125 0
3 140 127 0
4 136 129 8
5 141 132 8
6 136 130 15
7 141 132 15
8 138 150 0
9 139 155 0
10 136 155 3
11 136 130 30
12 141 132 30
13 134 131 45
14 145 131 45
15 149 134 60
16 161 135 75
17 170 135 79
18 190 125 78
19 188 125 83
20 188 132 82
21 169 137 103
22 170 135 100
23 167 135 100
24 169 130 103
25 170 130 100
26 167 129 100
27 157 134 95
28 147 134 90
29 127 134 75
30 107 134 70
31 137 134 82
32 97 134 71
33 82 134 69
34 75 134 66
35 124 131 45
36 114 128 43
37 93 127 48
38 78 124 30
39 73 124 20
40 74 124 10
41 83 124 40
42 77 122 0
43 70 124 12
44 72 124 27
45 79 124 47
46 100 124 61
47 127 128 60
48 149 132 78
49 139 130 68
50 92 152 0

