4177
7.223779724099065 7.342699205086832 -3.0001891876606326 221.02863046531405 
1.5307173061991024 -3.8248099879775057 -9.143948712206996 1567.6708164307565 
-0.0011364532164664224 0.002092449859178664 -0.0015592061160053673 1.0 
4178
3.0879209402369354 7.9241255337127425 -2.613116012213527 262.8772231667217 
2.2780510024905016 -2.4161694992829807 -7.998223602281327 897.177040346639 
-0.0016799358805837821 0.0012722657179038037 -0.001593273736775248 1.0 
4180
13.84655086542525 -0.18818710359554075 -3.0128154170173342 731.7627239050066 
-1.422037689964827 -2.9472133649219763 -13.197439620706476 2114.3057767454616 
0.001280882635510855 0.0033289883669060994 -0.0020765128535686437 1.0 
4199
13.141422951662348 9.234112766412503 -2.8090627806141204 145.03408576924113 
-0.8762981383533133 -0.10759660942062599 -15.627012472222109 1958.2735010594743 
-0.0010087131890418374 0.004448492050460938 -0.0012117378808254127 1.0 
4201
10.373169701768187 -7.736044997369957 -2.9149177299699147 2125.676592631922 
-2.703107862106394 -1.6634285428401703 -12.514959430685986 2065.1303075958695 
0.0026651723034314123 0.0017255642806075482 -0.0019086558087761168 1.0